hr.size	sex	site	nobs	ndays	urban0.50	upland0.50	wetland0.50	urban1.50	upland1.50	wetland1.50
67.31747926	FEMALE	Brevard	48	348	0.312948608	0.215905828	0.440137812	0.363894812	0.165019061	0.454900821
45.09950574	FEMALE	Avonpark	38	354	0	0.701119724	0.299741602	0	0.666602055	0.346417264
165.3479523	FEMALE	Brevard	10	331	0	0.692793569	0.236003445	0.014796149	0.672546359	0.243231892
358.6785208	FEMALE	Avonpark	52	662	0.090439276	0.723514212	0.188343382	0.062641339	0.596724171	0.351360083
160.0820867	FEMALE	Avonpark	80	737	0	0.564455929	0.437840942	0	0.552561866	0.459552885
108.2595514	FEMALE	Brevard	107	1158	0.545793856	0.178868791	0.266724088	0.297182917	0.229954125	0.403049687
237.4738025	MALE	Brevard	53	916	0.002871088	0.533161068	0.465977606	0.08250953	0.401175938	0.489694385
87.81669489	MALE	Brevard	12	287	0	0.385300029	0.580534022	0	0.299735091	0.664308328
73.76221937	MALE	Brevard	48	378	0.597473442	0.25667528	0.149296583	0.598533307	0.243425729	0.115493959
1054.090342	MALE	Brevard	36	957	0	0.492678725	0.465690497	0.008787233	0.465529495	0.490986625
61.28897954	MALE	Brevard	81	762	0.04105656	0.541487224	0	0.037765717	0.134683724	0.006719649
36.71482034	FEMALE	Brevard	80	971	0.868217054	0.074648292	0.05799598	0.578729728	0.289849454	0.104413
518.0210456	MALE	Avonpark	60	725	0	0.451335056	0.544932529	0	0.509465659	0.498093946
133.6099709	MALE	Brevard	109	902	0	0.799598048	0.115130635	0.003973638	0.498352394	0.212476578
160.5836181	MALE	Brevard	36	718	0	0.572207867	0.330175136	0.002293726	0.541642437	0.427149964
25.96375076	FEMALE	Brevard	36	288	0.288257249	0.192075797	0.501866207	0.682690444	0.114912451	0.19031466
399.1257695	FEMALE	Avonpark	61	656	0	0.389032443	0.614412862	0	0.483588551	0.52384183
66.0265081	MALE	Brevard	36	351	0.387022682	0.220499569	0.267872524	0.57701751	0.179072172	0.151482846
83.22610186	FEMALE	Brevard	81	802	0.014068332	0.341659489	0.06775768	0.018963623	0.352070815	0.123570459
323.804014	MALE	Avonpark	77	720	0.088429515	0.663221361	0.253229974	0.309911482	0.357045939	0.311591394
181.6880994	FEMALE	Brevard	79	1203	0	0.720068906	0.241745622	0	0.624830393	0.331071913
818.1839606	MALE	Avonpark	17	335	0	0.921619294	0.0846971	0	0.76361698	0.244330297
15.45829725	MALE	Brevard	21	399	0	0.490668964	0.491817399	0.019222071	0.604800672	0.366027008
181.7346559	MALE	Brevard	45	287	0	0.722365777	0.236577663	0.015216127	0.563029011	0.283452866
18.79311333	FEMALE	Brevard	90	870	0.326729831	0.282802182	0.354579386	0.531336822	0.203495509	0.170672611
82.02353593	MALE	Brevard	10	304	0.307780649	0.425782372	0.032443296	0.155133424	0.396426956	0.181365898
42.07778723	MALE	Brevard	65	696	0	0.014355441	0.057708872	0.014182335	0.050785036	0.082864896
69.76693556	FEMALE	Brevard	84	559	0.323858742	0.129486075	0.526844674	0.671157201	0.119079925	0.196937391
198.7952211	MALE	Brevard	87	495	0.197530864	0.652598335	0.146999713	0.150772113	0.487303741	0.057084706
49.48914313	FEMALE	Brevard	64	663	0.089290841	0.643410853	0.266149871	0.299250501	0.405666473	0.298087485
135.4911492	FEMALE	Avonpark	24	307	0.019523399	0.327016939	0.606086707	0.21657944	0.420204174	0.318666408
81.79020888	MALE	Brevard	48	1455	0	0.427217916	0.561871949	0.016928345	0.593881243	0.387478193
334.6504505	MALE	Brevard	14	534	0	0.725523974	0.263565891	0.010467145	0.550332752	0.281191445
52.03326689	FEMALE	Brevard	54	581	0.219638243	0.035314384	0.715762274	0.559992247	0.123312011	0.304613297
194.3365101	MALE	Avonpark	62	764	0	0.669250646	0.332759116	0	0.615364735	0.398236092
78.03965903	FEMALE	Brevard	113	1023	0	0.520241171	0.483204134	0.028106222	0.583704852	0.386121341
316.4530137	MALE	Avonpark	10	766	0	0.722652885	0.266724088	0	0.650965949	0.358467403
371.3010774	MALE	Avonpark	53	490	0	0.485501005	0.517657192	0	0.496187892	0.516766815
21.88735514	FEMALE	Brevard	32	328	0.428366351	0.217054264	0.327878266	0.724203657	0.104606836	0.156748724
86.11814944	FEMALE	Brevard	55	537	0.010335917	0.524834912	0.349411427	0.008787233	0.486043807	0.457129935
493.474355	MALE	Avonpark	29	359	0	0.937984496	0.050531151	0	0.692446857	0.254377463
375.7875281	MALE	Brevard	24	614	0	0.068331898	0.317542349	0	0.034438199	0.182819668
293.5769749	FEMALE	Avonpark	31	369	0	0.473442435	0.528854436	0	0.477547328	0.535116625
237.7656351	MALE	Avonpark	44	677	0	0.97588286	0	0.043677715	0.849712477	0.063352071
95.63865299	FEMALE	Brevard	12	285	0.394487511	0.545219638	0.061728395	0.571428571	0.37093752	0.062512115
143.7937263	FEMALE	Avonpark	34	383	0	0.839793282	0.142118863	0	0.675356981	0.289494088
236.6443269	MALE	Brevard	70	912	0.016652311	0.628768303	0.277921332	0.114880145	0.499580022	0.300478129
381.862592	MALE	Brevard	66	554	0	0.202698823	0.760551249	0	0.196323577	0.740033598
285.4159378	FEMALE	Brevard	39	727	0	0.517082974	0.320413437	0.008787233	0.462557343	0.486883763
54.42742106	FEMALE	Brevard	94	1346	0.453344818	0.378696526	0.156474304	0.489468243	0.360050397	0.147186147
17.910486	MALE	Brevard	38	335	0.195521102	0.730117715	0.07751938	0.382858435	0.410900045	0.214414938
716.7504636	MALE	Avonpark	59	671	0	0.41401091	0.587998852	0	0.568650255	0.437714027
102.5149927	FEMALE	Brevard	34	538	0	0.747918461	0.234567901	0	0.68385346	0.289171028
99.19280856	MALE	Brevard	24	446	0.078954924	0.548952053	0.374677003	0.234315436	0.471279964	0.297376753
412.319837	MALE	Avonpark	23	286	0	0.417743325	0.572782084	0	0.569231763	0.438521677
1130.252252	MALE	Brevard	64	1106	0	0.468848694	0.44071203	0.008787233	0.424080894	0.53288751
99.14098684	FEMALE	Avonpark	57	584	0	0.72150445	0.264427218	0	0.504942818	0.503456742
90.42405307	MALE	Brevard	35	335	0.286247488	0.115991961	0.238874533	0.396653098	0.094979647	0.090682949
352.8785725	MALE	Brevard	13	293	0.029285099	0.887166236	0.025839793	0.131194676	0.809265362	0.023098792
223.3321057	MALE	Brevard	58	731	0.401378122	0.183462532	0.209876543	0.447502746	0.104509918	0.089423015
409.0322971	MALE	Brevard	31	638	0.020958943	0.408268734	0.450186621	0.012567035	0.608192802	0.333559475
748.2687806	MALE	Avonpark	52	513	0	0.716049383	0.285960379	0	0.698358855	0.315306584
107.7930494	FEMALE	Brevard	18	342	0.019236291	0.245478036	0.066322136	0.132713058	0.173644763	0.126574918
309.8465299	MALE	Brevard	108	849	0	0.645420614	0.134366925	0.027007818	0.684919558	0.182690444
237.0731439	FEMALE	Brevard	65	1086	0	0.515360322	0.321848981	0.008787233	0.44811656	0.503909026
72.82625156	FEMALE	Brevard	86	655	0	0.746195808	0.067183463	0.008884151	0.717419397	0.146443109
18.36810743	FEMALE	Brevard	41	445	0.428079242	0.194372667	0.073499856	0.53272598	0.118336887	0.118175357
126.894048	FEMALE	Avonpark	32	605	0.117427505	0.842090152	0.000287109	0.05462945	0.859985785	0.073851522
79.62005505	FEMALE	Avonpark	63	562	0	0.813379271	0.140109101	0.010854817	0.461749693	0.532370614
216.6935711	MALE	Brevard	66	672	0.079242033	0.713465403	0.129773184	0.096271887	0.484880791	0.294598436
230.5690936	FEMALE	Brevard	23	362	0	0.412001148	0.491243181	0.008787233	0.379498611	0.577082122
203.7791413	MALE	Brevard	41	593	0	0.534596612	0.390180879	0	0.485397687	0.49418492
47.87749416	FEMALE	Brevard	81	504	0.742176285	0.132644272	0.115417743	0.598501001	0.256929638	0.155908768
277.734396	MALE	Avonpark	66	588	0	0.78696526	0.204421476	0	0.665665181	0.302254959
98.09778618	MALE	Highlands	97	261	0.000287109	0.456790123	0.253517083	0.000226142	0.455062351	0.36883763
41.89004208	FEMALE	Highlands	107	265	0	0.21073787	0.318403675	0	0.16404988	0.086580087
700.4947424	MALE	Highlands	141	473	0	0.86936549	0.134079816	0	0.531207598	0.2152872
126.7334264	FEMALE	Highlands	140	367	0	0.747918461	0.002583979	0.063998191	0.44181689	0.036118111
34.32312447	FEMALE	Highlands	264	765	0	0.489807637	0.127189205	0.088583059	0.334560961	0.20834141
125.7047147	MALE	Highlands	124	377	0	0.672983061	0.329026701	0.004102862	0.6313239	0.241422756
376.7526191	MALE	Highlands	151	519	0	0.345966121	0.320700546	0	0.160108548	0.116721587
250.8470802	MALE	Highlands	82	258	0	0.365489521	0.076083836	0	0.317826452	0.329327389
595.1685824	MALE	Highlands	211	548	0	0.339649727	0.497272466	0	0.204044712	0.291206306
168.8866474	FEMALE	Highlands	198	533	0.006890612	0.74102785	0.255239736	0.004102862	0.802642631	0.183110422
351.3210997	MALE	Highlands	93	258	0	0.489520528	0.513924777	0.023228016	0.485623829	0.234186212
41.61982727	FEMALE	Highlands	166	465	0	0.248062016	0.268446741	0	0.403889643	0.312172902
401.3529563	MALE	Highlands	90	269	0	0.770312949	0.232271031	0.012437811	0.810751438	0.165180591
507.6661547	MALE	Highlands	123	380	0.029285099	0.48664944	0.088142406	0.004232086	0.642211023	0.142178717
308.4976264	MALE	Highlands	111	301	0	0.232845248	0.146712604	0	0.110906506	0.174290883
135.6472016	MALE	Highlands	199	608	0	0.050244042	0.408268734	0	0.325644505	0.373522
30.20048758	FEMALE	Highlands	79	266	0	0.310364628	0.407694516	0	0.261226336	0.469664664
56.64819733	FEMALE	Highlands	113	326	0	0.522250933	0.233706575	0	0.175680041	0.200361827
